POVOROT HA GORKE
6,93403 0,00000 0,00000 0,64763 0,00000 0,00000 249,25007 
13,84625 0,07813 0,00000 1,29726 0,00000 0,00000 248,46177 
20,73472 0,23411 0,00000 1,94910 0,00000 0,00000 247,63505 
27,59748 0,46764 0,00000 2,60339 0,00000 0,00000 246,76985 
34,43259 0,77840 0,00000 3,26034 0,00000 0,00000 245,86612 
41,23808 1,16605 0,00000 3,92019 0,00000 0,00000 244,92380 
48,01201 1,63021 0,00000 4,58317 0,00000 0,00000 243,94279 
54,75242 2,17050 0,00000 5,24953 0,00000 0,00000 242,92301 
61,45734 2,78649 0,00000 5,91952 0,00000 0,00000 241,86436 
68,12481 3,47776 0,00000 6,59339 0,00000 0,00000 240,76674 
74,75286 4,24382 0,00000 7,27141 0,00000 0,00000 239,63002 
81,33953 5,08418 0,00000 7,95386 0,00000 0,00000 238,45408 
87,88282 5,99834 0,00000 8,64101 0,00000 0,00000 237,23877 
94,38077 6,98575 0,00000 9,33315 0,00000 0,00000 235,98395 
100,83137 8,04583 0,00000 10,03060 0,00000 0,00000 234,68945 
107,23264 9,17799 0,00000 10,73365 0,00000 0,00000 233,35510 
113,58258 10,38159 0,00000 11,44265 0,00000 0,00000 231,98072 
119,87917 11,65599 0,00000 12,15792 0,00000 0,00000 230,56611 
126,12040 13,00049 0,00000 12,87982 0,00000 0,00000 229,11105 
132,30424 14,41438 0,00000 13,60871 0,00000 0,00000 227,61533 
138,42867 15,89691 0,00000 14,34499 0,00000 0,00000 226,07871 
144,49163 17,44729 0,00000 15,08905 0,00000 0,00000 224,50095 
150,49108 19,06471 0,00000 15,84131 0,00000 0,00000 222,88177 
156,42495 20,74832 0,00000 16,60222 0,00000 0,00000 221,22092 
162,29117 22,49722 0,00000 17,37223 0,00000 0,00000 219,51808 
168,08766 24,31051 0,00000 18,15183 0,00000 0,00000 217,77297 
173,81231 26,18720 0,00000 18,94154 0,00000 0,00000 215,98526 
179,46302 28,12629 0,00000 19,74189 0,00000 0,00000 214,15462 
185,03767 30,12675 0,00000 20,55346 0,00000 0,00000 212,28070 
190,53412 32,18747 0,00000 21,37684 0,00000 0,00000 210,36312 
195,95022 34,30732 0,00000 22,21267 0,00000 0,00000 208,40151 
201,28381 36,48511 0,00000 23,06163 0,00000 0,00000 206,39547 
206,53270 38,71962 0,00000 23,92443 0,00000 0,00000 204,34457 
211,69470 41,00954 0,00000 24,80184 0,00000 0,00000 202,24839 
216,76760 43,35355 0,00000 25,69466 0,00000 0,00000 200,10647 
221,74916 45,75024 0,00000 26,60375 0,00000 0,00000 197,91834 
226,63715 48,19816 0,00000 27,53005 0,00000 0,00000 195,68351 
231,42930 50,69577 0,00000 28,47453 0,00000 0,00000 193,40148 
236,12333 53,24150 0,00000 29,43826 0,00000 0,00000 191,07172 
240,71693 55,83367 0,00000 30,42236 0,00000 0,00000 188,69368 
245,21965 58,47753 0,00000 30,42236 0,00000 0,00000 187,25705 
249,68814 61,10128 0,00000 30,42236 0,00000 0,00000 185,83584 
254,12286 63,70521 0,00000 30,42236 0,00000 0,00000 184,43701 
258,52425 66,28957 0,00000 30,42236 0,00000 0,00000 183,05373 
262,89270 68,85459 0,00000 30,42236 0,00000 0,00000 181,68603 
267,22866 71,40053 0,00000 30,42236 0,00000 0,00000 180,34107 
271,53259 73,92766 0,00000 30,42236 0,00000 0,00000 179,01184 
275,80495 76,43626 0,00000 30,42236 0,00000 0,00000 177,70563 
280,04622 78,92659 0,00000 30,42236 0,00000 0,00000 176,41534 
284,25677 81,39890 0,00000 30,42236 0,00000 0,00000 175,14104 
288,43708 83,85344 0,00000 30,42236 0,00000 0,00000 173,89021 
292,58762 86,29051 0,00000 30,42236 0,00000 0,00000 172,65559 
296,70887 88,71038 0,00000 30,42236 0,00000 0,00000 171,44483 
300,80132 91,11334 0,00000 30,42236 0,00000 0,00000 170,25051 
304,86536 93,49961 0,00000 30,42236 0,00000 0,00000 169,07274 
308,90147 95,86949 0,00000 30,42236 0,00000 0,00000 167,91945 
312,91017 98,22327 0,00000 30,42236 0,00000 0,00000 166,78299 
316,89184 100,56119 0,00000 30,42236 0,00000 0,00000 165,66350 
320,84700 102,88353 0,00000 30,42236 0,00000 0,00000 164,56921 
324,77616 105,19061 0,00000 30,42236 0,00000 0,00000 163,49223 
328,67982 107,48272 0,00000 30,42236 0,00000 0,00000 162,44107 
332,55852 109,76017 0,00000 30,42236 0,00000 0,00000 161,40761 
336,41268 112,02321 0,00000 30,42236 0,00000 0,00000 160,39203 
340,24283 114,27216 0,00000 30,42236 0,00000 0,00000 159,40325 
344,04952 116,50732 0,00000 30,42236 0,00000 0,00000 158,43281 
347,83318 118,72897 0,00000 30,42236 0,00000 0,00000 157,48094 
351,59438 120,93743 0,00000 30,42236 0,00000 0,00000 156,55702 
355,33368 123,13302 0,00000 30,42236 0,00000 0,00000 155,65224 
359,05153 125,31603 0,00000 30,42236 0,00000 0,00000 154,76686 
362,74853 127,48679 0,00000 30,42236 0,00000 0,00000 153,91082 
366,42526 129,64565 0,00000 30,42236 0,00000 0,00000 153,07487 
370,08222 131,79290 0,00000 30,42236 0,00000 0,00000 152,25931 
373,72001 133,92890 0,00000 30,42236 0,00000 0,00000 151,47479 
377,33926 136,05401 0,00000 30,42236 0,00000 0,00000 150,71152 
380,94048 138,16854 0,00000 30,42236 0,00000 0,00000 149,96988 
384,52434 140,27287 0,00000 30,42236 0,00000 0,00000 149,26132 
388,09150 142,36739 0,00000 30,42236 0,00000 0,00000 148,57545 
391,64251 144,45243 0,00000 30,42236 0,00000 0,00000 147,91271 
395,17806 146,52840 0,00000 30,42236 0,00000 0,00000 147,28560 
398,69889 148,59572 0,00000 30,42236 0,00000 0,00000 146,68295 
402,20558 150,65474 0,00000 30,42236 0,00000 0,00000 146,10533 
405,69891 152,70590 0,00000 30,42236 0,00000 0,00000 145,56651 
409,17964 154,74968 0,00000 30,42236 0,00000 0,00000 145,05438 
412,64843 156,78645 0,00000 30,42236 0,00000 0,00000 144,56968 
416,10613 158,81670 0,00000 30,42236 0,00000 0,00000 144,12780 
419,55360 160,84094 0,00000 30,42236 0,00000 0,00000 143,71548 
422,99155 162,85960 0,00000 30,42236 0,00000 0,00000 143,33368 
426,42055 164,87300 0,00000 30,42236 0,00000 0,00000 142,96731 
429,84076 166,88124 0,00000 30,42236 0,00000 0,00000 142,60047 
433,25238 168,88444 0,00000 30,42236 0,00000 0,00000 142,24930 
436,65557 170,88269 0,00000 30,42236 0,00000 0,00000 141,89764 
440,05054 172,87610 0,00000 30,42236 0,00000 0,00000 141,56189 
443,43745 174,86479 0,00000 30,42236 0,00000 0,00000 141,22564 
446,81650 176,84887 0,00000 30,42236 0,00000 0,00000 140,90555 
450,18788 178,82843 0,00000 30,42236 0,00000 0,00000 140,58493 
453,55178 180,80361 0,00000 30,42236 0,00000 0,00000 140,28075 
456,90839 182,77450 0,00000 30,42236 0,00000 0,00000 139,97600 
460,25789 184,74122 0,00000 30,42236 0,00000 0,00000 139,68799 
463,60049 186,70389 0,00000 30,42236 0,00000 0,00000 139,39938 
466,93638 188,66262 0,00000 30,42236 0,00000 0,00000 139,12779 
470,26597 190,61765 0,00000 30,42236 0,00000 0,00000 138,87356 
473,58946 192,56910 0,00000 30,42236 0,00000 0,00000 138,61867 
476,90706 194,51709 0,00000 30,42236 0,00000 0,00000 138,38145 
480,21897 196,46174 0,00000 30,42236 0,00000 0,00000 138,14355 
483,52540 198,40317 0,00000 30,42236 0,00000 0,00000 137,92366 
486,82655 200,34150 0,00000 30,42236 0,00000 0,00000 137,70304 
490,12240 202,27673 0,00000 30,42236 0,00000 0,00000 137,48171 
493,41318 204,20897 0,00000 30,42236 0,00000 0,00000 137,27874 
496,69908 206,13835 0,00000 30,42236 0,00000 0,00000 137,07501 
499,98033 208,06499 0,00000 30,42236 0,00000 0,00000 136,89001 
503,25714 209,98903 0,00000 30,42236 0,00000 0,00000 136,70422 
506,52949 211,91045 0,00000 30,42236 0,00000 0,00000 136,51766 
509,79736 213,82924 0,00000 30,42236 0,00000 0,00000 136,33031 
513,06097 215,74553 0,00000 30,42236 0,00000 0,00000 136,16205 
516,32054 217,65945 0,00000 30,42236 0,00000 0,00000 135,99297 
519,57605 219,57098 0,00000 30,42236 0,00000 0,00000 135,82309 
522,82748 221,48012 0,00000 30,42236 0,00000 0,00000 135,65239 
526,07481 223,38685 0,00000 30,42236 0,00000 0,00000 135,48088 
529,31803 225,29117 0,00000 30,42236 0,00000 0,00000 135,30857 
532,55710 227,19305 0,00000 30,42236 0,00000 0,00000 135,13545 
535,79179 229,09236 0,00000 30,42236 0,00000 0,00000 134,94177 
539,02182 230,98893 0,00000 30,42236 0,00000 0,00000 134,74732 
542,24719 232,88277 0,00000 30,42236 0,00000 0,00000 134,55211 
545,46765 234,77372 0,00000 30,42236 0,00000 0,00000 134,33686 
548,68294 236,66163 0,00000 30,42236 0,00000 0,00000 134,12090 
551,89304 238,54651 0,00000 30,42236 0,00000 0,00000 133,90421 
555,09772 240,42819 0,00000 30,42236 0,00000 0,00000 133,66800 
558,29674 242,30656 0,00000 30,42236 0,00000 0,00000 133,43110 
561,48985 244,18145 0,00000 30,42236 0,00000 0,00000 133,17515 
564,67661 246,05262 0,00000 30,42236 0,00000 0,00000 132,90059 
567,85658 247,91979 0,00000 30,42236 0,00000 0,00000 132,60784 
571,02952 249,78285 0,00000 30,42236 0,00000 0,00000 132,31451 
574,19523 251,64165 0,00000 30,42236 0,00000 0,00000 132,00339 
577,35327 253,49595 0,00000 30,42236 0,00000 0,00000 131,67489 
580,50325 255,34552 0,00000 30,42236 0,00000 0,00000 131,32935 
583,64474 257,19011 0,00000 30,42236 0,00000 0,00000 130,96715 
586,77737 259,02949 0,00000 30,42236 0,00000 0,00000 130,58862 
589,90073 260,86343 0,00000 30,42236 0,00000 0,00000 130,19409 
593,01446 262,69171 0,00000 30,42236 0,00000 0,00000 129,78387 
596,11800 264,51401 0,00000 30,42236 0,00000 0,00000 129,34351 
599,21081 266,33001 0,00000 30,42236 0,00000 0,00000 128,88833 
602,29255 268,13951 0,00000 30,42236 0,00000 0,00000 128,41861 
605,36286 269,94230 0,00000 30,42236 0,00000 0,00000 127,93461 
608,42125 271,73809 0,00000 30,42236 0,00000 0,00000 127,42299 
611,46722 273,52659 0,00000 30,42236 0,00000 0,00000 126,89782 
614,50030 275,30752 0,00000 30,42236 0,00000 0,00000 126,34635 
617,52001 277,08060 0,00000 30,42236 0,00000 0,00000 125,78197 
620,52591 278,84557 0,00000 30,42236 0,00000 0,00000 125,19247 
623,51753 280,60215 0,00000 30,42236 0,00000 0,00000 124,59066 
626,49445 282,35011 0,00000 30,42236 0,00000 0,00000 123,96479 
629,45610 284,08910 0,00000 30,42236 0,00000 0,00000 123,31552 
632,40206 285,81887 0,00000 30,42236 0,00000 0,00000 122,65481 
635,33192 287,53919 0,00000 30,42236 0,00000 0,00000 121,97160 
638,24516 289,24975 0,00000 30,42236 0,00000 0,00000 121,26647 
641,14137 290,95032 0,00000 30,42236 0,00000 0,00000 120,55063 
644,02019 292,64067 0,00000 30,42236 0,00000 0,00000 119,81364 
646,88110 294,32051 0,00000 30,42236 0,00000 0,00000 119,05599 
649,72363 295,98955 0,00000 30,42236 0,00000 0,00000 118,27813 
652,54728 297,64751 0,00000 30,42236 0,00000 0,00000 117,48049 
655,35160 299,29412 0,00000 30,42236 0,00000 0,00000 116,66348 
658,13623 300,92917 0,00000 30,42236 0,00000 0,00000 115,83707 
660,90085 302,55246 0,00000 30,42236 0,00000 0,00000 114,99186 
663,64499 304,16374 0,00000 30,42236 0,00000 0,00000 114,12821 
666,36823 305,76274 0,00000 30,42236 0,00000 0,00000 113,24646 
669,07014 307,34921 0,00000 30,42236 0,00000 0,00000 112,34693 
671,75029 308,92291 0,00000 30,42236 0,00000 0,00000 111,42993 
674,40827 310,48360 0,00000 30,42236 0,00000 0,00000 110,49574 
677,04367 312,03102 0,00000 30,42236 0,00000 0,00000 109,54465 
679,65608 313,56495 0,00000 30,42236 0,00000 0,00000 108,57692 
682,24512 315,08515 0,00000 30,42236 0,00000 0,00000 107,59279 
684,81040 316,59140 0,00000 30,42236 0,00000 0,00000 106,59252 
687,35152 318,08347 0,00000 30,42236 0,00000 0,00000 105,57633 
689,86802 319,56108 0,00000 30,42236 0,00000 0,00000 104,53642 
692,35942 321,02395 0,00000 30,42236 0,00000 0,00000 103,48111 
694,82536 322,47187 0,00000 30,42236 0,00000 0,00000 102,41061 
697,26548 323,90463 0,00000 30,42236 0,00000 0,00000 101,32511 
699,67942 325,32202 0,00000 30,42236 0,00000 0,00000 100,22477 
702,06683 326,72384 0,00000 30,42236 0,00000 0,00000 99,10978 
704,42736 328,10986 0,00000 30,42236 0,00000 0,00000 97,98029 
706,76065 329,47990 0,00000 30,42236 0,00000 0,00000 96,83647 
709,06638 330,83375 0,00000 30,42236 0,00000 0,00000 95,67846 
711,34421 332,17122 0,00000 30,42236 0,00000 0,00000 94,50642 
713,59370 333,49205 0,00000 30,42236 0,00000 0,00000 93,31327 
715,81445 334,79601 0,00000 30,42236 0,00000 0,00000 92,10642 
718,00613 336,08289 0,00000 30,42236 0,00000 0,00000 90,88599 
720,16842 337,35252 0,00000 30,42236 0,00000 0,00000 89,65211 
722,30099 338,60470 0,00000 30,42236 0,00000 0,00000 88,40488 
724,40352 339,83924 0,00000 30,42236 0,00000 0,00000 87,14443 
726,47571 341,05596 0,00000 30,42236 0,00000 0,00000 85,87085 
728,51715 342,25463 0,00000 30,42236 0,00000 0,00000 84,57746 
730,52745 343,43502 0,00000 30,42236 0,00000 0,00000 83,27119 
732,50631 344,59694 0,00000 30,42236 0,00000 0,00000 81,95215 
734,45342 345,74023 0,00000 30,42236 0,00000 0,00000 80,62041 
736,36849 346,86469 0,00000 30,42236 0,00000 0,00000 79,27607 
738,26022 347,97546 0,00000 30,64468 2,00000 0,09813 78,67269 
740,13307 349,08493 0,00321 30,86931 4,00000 0,29624 78,05740 
741,98685 350,19296 0,01279 31,09342 6,00000 0,59613 77,44142 
743,82155 351,29939 0,03188 31,31401 8,00000 0,99955 76,82493 
745,63703 352,40390 0,06355 31,52796 10,00000 1,50811 76,19669 
747,43315 353,50605 0,11084 31,73205 12,00000 2,12345 75,56869 
749,20978 354,60535 0,17671 31,92286 14,00000 2,84699 74,92986 
750,96674 355,70118 0,26407 32,09686 16,00000 3,68010 74,29267 
752,70398 356,79297 0,37580 32,25033 18,00000 4,62391 73,65819 
754,42127 357,87996 0,51468 32,37938 20,00000 5,67929 73,01557 
756,11834 358,96130 0,68344 32,47997 22,00000 6,84706 72,37818 
757,79498 360,03618 0,88475 32,54786 24,00000 8,12758 71,74770 
759,45077 361,10360 1,12120 32,57862 26,00000 9,52088 71,11354 
761,08525 362,16253 1,39531 32,56763 28,00000 11,02685 70,49009 
762,69799 363,21191 1,70955 32,51011 30,00000 12,64474 69,87970 
764,28832 364,25055 2,06631 32,40106 32,00000 14,37332 69,27213 
765,85548 365,27718 2,46788 32,23531 34,00000 16,21116 68,68291 
767,39860 366,29045 2,91649 32,00755 36,00000 18,15598 68,10214 
768,91670 367,28897 3,41429 31,71228 38,00000 20,20529 67,54614 
770,40869 368,27123 3,96334 31,34390 40,00000 22,35561 67,00539 
771,87332 369,23567 4,56564 30,89670 42,00000 24,60324 66,49707 
773,30938 370,18074 5,22317 30,36499 44,00000 26,94342 66,02565 
774,71539 371,10469 5,93776 29,74312 46,00000 29,37067 65,58218 
776,08956 372,00558 6,71107 29,02546 48,00000 31,87940 65,17164 
777,43011 372,88147 7,54474 28,20648 50,00000 34,46345 64,81314 
778,73511 373,73029 8,44033 27,36160 50,00000 37,04161 64,49868 
780,00275 374,55205 9,39692 26,49103 50,00000 39,61229 64,24400 
781,23128 375,34673 10,41358 25,59534 50,00000 42,17332 64,03685 
782,41882 376,11419 11,48925 24,67507 50,00000 44,72309 63,87899 
783,56358 376,85429 12,62287 23,73091 50,00000 47,25997 63,77214 
784,66378 377,56684 13,81333 22,76373 50,00000 49,78235 63,71803 
785,71769 378,25165 15,05953 21,77457 50,00000 52,28864 63,71833 
786,72364 378,90847 16,36036 20,76464 50,00000 54,77726 63,77468 
787,67997 379,53704 17,71470 19,73532 50,00000 57,24668 63,88866 
788,58505 380,13708 19,12140 18,68813 50,00000 59,69542 64,06177 
789,43731 380,70825 20,57934 17,62478 50,00000 62,12203 64,29541 
790,23517 381,25022 22,08735 16,54709 50,00000 64,52516 64,59090 
790,97703 381,76254 23,64411 15,45702 50,00000 66,90351 64,93550 
791,66131 382,24475 25,24827 14,35639 50,00000 69,25636 65,34423 
792,28653 382,69641 26,89862 13,24735 50,00000 71,58257 65,81805 
792,85119 383,11702 28,59380 12,13209 50,00000 73,88109 66,34410 
793,35380 383,50603 30,33239 11,01263 50,00000 76,15140 66,93671 
793,79294 383,86290 32,11297 9,89123 50,00000 78,39263 67,58299 
794,16716 384,18703 33,93390 8,76993 50,00000 80,60443 68,28355 
794,47510 384,47783 35,79372 7,65072 50,00000 82,78651 69,05176 
794,71543 384,73470 37,69092 6,53580 50,00000 84,93825 69,87474 
794,88685 384,95700 39,62380 5,42704 50,00000 87,05949 70,75263 
794,98810 385,14409 41,59063 4,32628 50,00000 89,15018 71,68538 
795,01798 385,29533 43,58967 3,23523 50,00000 91,21028 72,67282 
794,97535 385,41006 45,61915 2,15551 50,00000 93,23983 73,71463 
794,85909 385,48764 47,67725 1,08861 50,00000 95,23893 74,81033 
794,66818 385,52742 49,76217 0,03592 50,00000 97,20771 75,95935 
794,40161 385,52876 51,87207 -1,00133 50,00000 99,14636 77,16098 
794,05847 385,49100 54,00509 -2,02203 50,00000 101,05511 78,41441 
793,63787 385,41351 56,15934 -3,02520 50,00000 102,93423 79,71873 
793,13902 385,29567 58,33278 -4,01000 50,00000 104,78403 81,06200 
792,56121 385,13686 60,52336 -4,97585 50,00000 106,60511 82,45425 
791,90375 384,93648 62,72915 -5,92215 50,00000 108,39780 83,89435 
791,16604 384,69394 64,94809 -6,84842 50,00000 110,16250 85,37069 
790,34757 384,40867 67,17812 -7,75441 50,00000 111,89983 86,89259 
789,44787 384,08011 69,41714 -8,63985 50,00000 113,61018 88,44872 
788,46654 383,70771 71,66311 -9,50468 50,00000 115,29419 90,04796 
787,40327 383,29096 73,91395 -10,34880 50,00000 116,95229 91,67926 
786,25782 382,82937 76,16749 -11,17229 50,00000 118,58508 93,34160 
785,03001 382,32244 78,42167 -11,97530 50,00000 120,19318 95,04329 
783,71968 381,76970 80,67446 -12,75794 50,00000 121,77703 96,77373 
782,32681 381,17072 82,92373 -13,52047 50,00000 123,33722 98,53185 
780,85144 380,52508 85,16736 -14,26319 50,00000 124,87434 100,31658 
779,29360 379,83236 87,40337 -14,98641 50,00000 126,38896 102,13567 
777,65338 379,09215 89,62976 -15,69044 50,00000 127,88151 103,97909 
775,93099 378,30408 91,84450 -16,37566 50,00000 129,35255 105,84580 
774,12668 377,46781 94,04556 -17,04248 50,00000 130,80262 107,73475 
772,24078 376,58301 96,23093 -17,69133 50,00000 132,23225 109,64493 
770,27366 375,64938 98,39866 -18,32263 50,00000 133,64196 111,57531 
768,22572 374,66662 100,54679 -18,93683 50,00000 135,03224 113,52493 
766,09744 373,63444 102,67341 -19,53438 50,00000 136,40360 115,49280 
763,88925 372,55255 104,77672 -20,11573 50,00000 137,75651 117,48596 
761,60162 371,42065 106,85492 -20,68129 50,00000 139,09133 119,49541 
759,23514 370,23852 108,90619 -21,23151 50,00000 140,40854 121,52026 
756,79054 369,00597 110,92868 -21,76685 50,00000 141,70857 123,55193 
754,26855 367,72284 112,92056 -22,28777 50,00000 142,99193 125,59736 
751,66990 366,38893 114,88010 -22,79472 50,00000 144,25905 127,65572 
748,99533 365,00406 116,80563 -23,28812 50,00000 145,51032 129,72622 
746,24563 363,56806 118,69548 -23,76838 50,00000 146,74614 131,80807 
743,42161 362,08078 120,54802 -24,23592 50,00000 147,96688 133,90052 
740,52411 360,54209 122,36168 -24,69114 50,00000 149,17292 136,00284 
737,55401 358,95183 124,13488 -25,13443 50,00000 150,36462 138,11432 
734,51222 357,30991 125,86612 -25,56616 50,00000 151,54232 140,23428 
731,39967 355,61620 127,55391 -25,98672 50,00000 152,70637 142,36204 
728,21732 353,87061 129,19679 -26,39645 50,00000 153,85709 144,49697 
724,96615 352,07306 130,79334 -26,79570 50,00000 154,99480 146,63845 
721,64725 350,22350 132,34214 -27,18482 50,00000 156,11982 148,77890 
718,26172 348,32192 133,84181 -27,56415 50,00000 157,23249 150,92477 
714,81062 346,36825 135,29104 -27,93401 50,00000 158,33311 153,07549 
711,29501 344,36245 136,68854 -28,29470 50,00000 159,42195 155,23052 
707,71598 342,30448 138,03308 -28,64651 50,00000 160,49930 157,38934 
704,07465 340,19431 139,32345 -28,98973 50,00000 161,56541 159,55142 
700,37220 338,03195 140,55842 -29,32464 50,00000 162,62054 161,70958 
696,60986 335,81745 141,73685 -29,65151 50,00000 163,66500 163,87008 
692,78878 333,55079 142,85762 -29,97061 50,00000 164,69901 166,03247 
688,91012 331,23197 143,91966 -30,28218 50,00000 165,72282 168,19630 
684,97425 328,86051 144,92212 -30,62694 48,00000 166,61558 170,43183 
680,98519 326,43301 145,87221 -30,93741 46,00000 167,47144 172,66930 
676,94332 323,95143 146,77129 -31,21567 44,00000 168,28985 174,90005 
672,84900 321,41767 147,62087 -31,46373 42,00000 169,07041 177,12927 
668,70247 318,83353 148,42252 -31,68353 40,00000 169,81276 179,35539 
664,50395 316,20077 149,17793 -31,87697 38,00000 170,51661 181,57692 
660,25372 313,52112 149,88887 -32,04587 36,00000 171,18176 183,78587 
655,95203 310,79629 150,55718 -32,19201 34,00000 171,80810 185,98768 
651,59906 308,02784 151,18480 -32,31712 32,00000 172,39557 188,18119 
647,19495 305,21729 151,77378 -32,42284 30,00000 172,94416 190,36533 
642,73985 302,36610 152,32621 -32,51079 28,00000 173,45393 192,53913 
638,23398 299,47570 152,84427 -32,58251 26,00000 173,92503 194,69525 
633,67757 296,54746 153,33023 -32,63953 24,00000 174,35763 196,83939 
629,07075 293,58264 153,78642 -32,68327 22,00000 174,75197 198,97082 
624,41369 290,58242 154,21523 -32,71516 20,00000 175,10832 201,08888 
619,70656 287,54791 154,61916 -32,73656 18,00000 175,42701 203,19302 
614,94955 284,48013 155,00072 -32,74876 16,00000 175,70840 205,28271 
610,14285 281,38005 155,36252 -32,75305 14,00000 175,95289 207,35753 
605,28672 278,24855 155,70721 -32,75064 12,00000 176,16092 209,41711 
600,38141 275,08641 156,03750 -32,74274 10,00000 176,33295 211,46113 
595,42722 271,89437 156,35614 -32,73047 8,00000 176,46948 213,48936 
590,42448 268,67305 156,66593 -32,71496 6,00000 176,57104 215,50160 
585,37365 265,42305 156,96972 -32,69726 4,00000 176,63816 217,49159 
580,27514 262,14483 157,27038 -32,67842 2,00000 176,67143 219,47154 
575,12936 258,83871 157,57083 -32,65942 0,00000 176,67143 221,43528 
569,92713 255,50445 157,87406 -32,65942 0,00000 176,67143 223,45520 
564,67785 252,14003 158,18003 -32,65942 0,00000 176,67143 225,45932 
559,38188 248,74569 158,48873 -32,65942 0,00000 176,67143 227,44768 
554,03960 245,32166 158,80012 -32,65942 0,00000 176,67143 229,42032 
548,65137 241,86818 159,11419 -32,65942 0,00000 176,67143 231,37729 
543,21755 238,38549 159,43092 -32,65942 0,00000 176,67143 233,31864 
537,73851 234,87381 159,75029 -32,65942 0,00000 176,67143 235,24440 
532,21462 231,33338 160,07227 -32,65942 0,00000 176,67143 237,15463 
526,64624 227,76444 160,39684 -32,65942 0,00000 176,67143 239,04936 
521,03372 224,16721 160,72398 -32,65942 0,00000 176,67143 240,92864 
515,37744 220,54193 161,05368 -32,65942 0,00000 176,67143 242,79250 
509,67774 216,88883 161,38591 -32,65942 0,00000 176,67143 244,64100 
503,93500 213,20813 161,72064 -32,65942 0,00000 176,67143 246,47417 
498,14949 209,50003 162,05787 -32,65942 0,00000 176,67143 248,29809 
492,32150 205,76470 162,39758 -32,65942 0,00000 176,67143 250,10673 
486,45140 202,00237 162,73974 -32,65942 0,00000 176,67143 251,90013 
480,53953 198,21328 163,08433 -32,65942 0,00000 176,67143 253,67832 
474,58625 194,39765 163,43134 -32,65942 0,00000 176,67143 255,44135 
468,59185 190,55566 163,78074 -32,65942 0,00000 176,67143 257,19521 
462,55661 186,68750 164,13253 -32,65942 0,00000 176,67143 258,93396 
456,48089 182,79338 164,48667 -32,65942 0,00000 176,67143 260,65763 
450,36502 178,87354 164,84316 -32,65942 0,00000 176,67143 262,36625 
444,20931 174,92816 165,20196 -32,65942 0,00000 176,67143 264,06577 
438,01402 170,95742 165,56308 -32,65942 0,00000 176,67143 265,75030 
431,77952 166,96154 165,92648 -32,65942 0,00000 176,67143 267,41986 
425,50607 162,94070 166,29215 -32,65942 0,00000 176,67143 269,08037 
419,19397 158,89509 166,66007 -32,65942 0,00000 176,67143 270,72596 
412,84355 154,82492 167,03023 -32,65942 0,00000 176,67143 272,35668 
406,45511 150,73037 167,40260 -32,65942 0,00000 176,67143 273,97838 
400,02891 146,61163 167,77717 -32,65942 0,00000 176,67143 275,58526 
393,56530 142,46892 168,15393 -32,65942 0,00000 176,67143 277,17733 
387,06457 138,30240 168,53284 -32,65942 0,00000 176,67143 278,76044 
380,52699 134,11227 168,91391 -32,65942 0,00000 176,67143 280,32881 
373,93590 129,94376 169,29809 -31,96773 0,00000 176,67143 281,17359 
367,27578 125,84275 169,68630 -31,28277 0,00000 176,67143 281,97317 
360,54881 121,81017 170,07841 -30,60424 0,00000 176,67143 282,72767 
353,75722 117,84691 170,47428 -29,93188 0,00000 176,67143 283,43725 
346,90311 113,95379 170,87380 -29,26543 0,00000 176,67143 284,10966 
339,98856 110,13157 171,27683 -28,60465 0,00000 176,67143 284,73742 
333,01576 106,38105 171,68327 -27,94929 0,00000 176,67143 285,32066 
325,98678 102,70292 172,09298 -27,29911 0,00000 176,67143 285,86718 
318,90370 99,09788 172,50584 -26,65390 0,00000 176,67143 286,36945 
311,76857 95,56656 172,92173 -26,01343 0,00000 176,67143 286,83527 
304,58344 92,10958 173,34054 -25,37750 0,00000 176,67143 287,25710 
297,35035 88,72754 173,76215 -24,74590 0,00000 176,67143 287,64276 
290,07135 85,42098 174,18643 -24,11842 0,00000 176,67143 287,98466 
282,74845 82,19045 174,61327 -23,49488 0,00000 176,67143 288,29065 
275,38357 79,03640 175,04256 -22,87508 0,00000 176,67143 288,56082 
267,97874 75,95933 175,47418 -22,25884 0,00000 176,67143 288,78760 
260,53594 72,95968 175,90801 -21,64598 0,00000 176,67143 288,97880 
253,05708 70,03784 176,34394 -21,03633 0,00000 176,67143 289,13454 
245,54404 67,19418 176,78186 -20,42972 0,00000 176,67143 289,25492 
237,99872 64,42904 177,22167 -19,82598 0,00000 176,67143 289,34003 
230,42297 61,74275 177,66325 -19,22495 0,00000 176,67143 289,38997 
222,81867 59,13561 178,10649 -18,62648 0,00000 176,67143 289,40483 
215,18767 56,60790 178,55129 -18,03041 0,00000 176,67143 289,38471 
207,53184 54,15987 178,99754 -17,43658 0,00000 176,67143 289,32967 
199,85302 51,79177 179,44512 -16,84485 0,00000 176,67143 289,23982 
192,15304 49,50380 179,89394 -16,25507 0,00000 176,67143 289,11522 
184,43375 47,29618 180,34389 -15,66708 0,00000 176,67143 288,95594 
176,69697 45,16907 180,79485 -15,08074 0,00000 176,67143 288,76205 
168,94453 43,12263 181,24673 -14,49592 0,00000 176,67143 288,53363 
161,17824 41,15701 181,69942 -13,91245 0,00000 176,67143 288,27071 
153,39982 39,27229 182,15281 -13,33021 0,00000 176,67143 287,98107 
145,61098 37,46855 182,60681 -12,74907 0,00000 176,67143 287,65704 
137,81351 35,74588 183,06131 -12,16888 0,00000 176,67143 287,29866 
130,00911 34,10432 183,51622 -11,58950 0,00000 176,67143 286,91367 
122,19947 32,54390 183,97143 -11,01082 0,00000 176,67143 286,49440 
114,38629 31,06462 184,42685 -10,43269 0,00000 176,67143 286,04855 
106,57125 29,66648 184,88238 -9,85498 0,00000 176,67143 285,56846 
98,75612 28,34949 185,33791 -9,27756 0,00000 176,67143 285,05417 
90,94260 27,11359 185,79335 -8,70029 0,00000 176,67143 284,51335 
83,13236 25,95873 186,24859 -8,12304 0,00000 176,67143 283,93834 
75,32707 24,88485 186,70355 -7,54567 0,00000 176,67143 283,33679 
67,52829 23,89185 187,15813 -6,96805 0,00000 176,67143 282,70868 
59,73770 22,97962 187,61223 -6,39007 0,00000 176,67143 282,04637 
51,95695 22,14804 188,06576 -5,81157 0,00000 176,67143 281,35745 
44,18762 21,39699 188,51862 -5,23242 0,00000 176,67143 280,64190 
36,43137 20,72630 188,97072 -4,65250 0,00000 176,67143 279,89209 
28,68986 20,13582 189,42197 -4,07166 0,00000 176,67143 279,11557 
20,96466 19,62536 189,87226 -3,48976 0,00000 176,67143 278,31229 
13,25731 19,19473 190,32151 -2,90666 0,00000 176,67143 277,48219 
5,56938 18,84371 190,76962 -2,32224 0,00000 176,67143 276,62519 
-2,09746 18,57207 191,21651 -1,73635 0,00000 176,67143 275,73373 
-9,74155 18,37958 191,66207 -1,14882 0,00000 176,67143 274,81526 
-17,36132 18,26598 192,10622 -0,55953 0,00000 176,67143 273,86969 
-24,95523 18,23101 192,54886 0,03169 0,00000 176,67143 272,89694 
