Ми-8МТВ-5
12500
800
15
8
Разгон в горизонте
0.000000
0.000000
0.000000
0.000000
0.000000
0.000000
0.000000
200.000000
Левый вираж
0.000000
0.000000
0.000000
0.000000
0.000000
15.000000
180.000000
0.000000
Правый вираж
0.000000
0.000000
0.000000
0.000000
0.000000
15.000000
180.000000
0.000000
Разгон в горизонте
0.000000
0.000000
0.000000
0.000000
0.000000
0.000000
0.000000
181.000000
Горка
0.000000
1.600000
0.700000
27.000000
140.000000
0.000000
0.000000
0.000000
Горизонтальный полет
700.000000
0.000000
0.000000
0.000000
0.000000
0.000000
0.000000
0.000000
Пикирование
0.000000
0.600000
1.600000
20.000000
220.000000
0.000000
0.000000
0.000000
Горизонтальный полет
600.000000
0.000000
0.000000
0.000000
0.000000
0.000000
0.000000
0.000000
